"id" "sex" "tg" "ldl" "hdl" "tc" "age" "bmi"
"1" 55886 0 NA NA NA NA NA NA
"2" 55926 0 NA NA NA NA NA NA
"3" 55914 0 NA NA NA NA NA NA
"4" 56054 0 NA NA NA NA NA NA
"5" 55999 0 NA NA NA NA NA NA
"6" 56031 1 102.2 92.96 32.9 146.3 17.3716632443532 18.298376835459
"7" 56027 0 NA NA NA NA NA NA
"8" 56108 0 83.0961538461539 91.026574732088 38.954954954955 146.600760456274 17.2731006160164 20.4773835477552
"9" 56117 0 NA NA NA NA NA NA
"10" 56095 0 NA NA NA NA NA NA
"11" 56111 0 NA NA NA NA NA NA
"12" 56127 0 NA NA NA NA NA NA
"13" 56065 1 202.725961538462 118.374925528775 22.5855855855856 181.505703422053 17.2566735112936 33.6070119598765
"14" 56139 0 83.0632183908046 65.5727571657209 51.4345991561181 133.62 17.3305954825462 25.1823803184343
"15" 56147 1 66.2 101.46 20.6 135.3 17.1279945242984 28.0412269839228
"16" 56212 0 NA NA NA NA NA NA
"17" 56341 1 73.6902173913043 107.925769669065 38.9385964912281 161.602409638554 17.2320328542094 21.8422982601336
"18" 56254 0 80.3 92.0045229532473 50.7975460122699 158.862068965517 16.9390828199863 27.3591795705124
"19" 56339 1 69.1 84.48 27.7 126 16.7693360711841 28.5004026469661
"20" 56348 0 112.466346153846 63.9703350579301 42.6846846846847 129.148288973384 16.7912388774812 23.2681985639273
"21" 56398 0 NA NA NA NA NA NA
"22" 56360 0 50.4 126.92 29.2 166.2 16.6652977412731 21.4885426137815
"23" 56385 0 61.2 81.06 47.5 140.8 17.0102669404517 24.7896945909626
"24" 56409 0 63.0384615384615 82.7645202090069 64.027027027027 159.399239543726 16.684462696783 15.8232737910865
"25" 56500 0 NA NA NA NA NA NA
"26" 56477 0 NA NA NA NA NA NA
"27" 56486 0 56.1 131.38 46.7 189.3 16.6324435318275 23.7823212628498
"28" 56502 1 35.8173076923077 87.7270962501288 33.4887525562372 128.379310344828 16.72553045859 20.2398453196619
"29" 56447 0 99.8 81.34 22.8 124.1 16.6297056810404 19.8968822450604
"30" 56463 0 96.2 105.836821192053 47.523178807947 172.6 17.0513347022587 22.9004232568501
"31" 56487 0 NA NA NA NA NA NA
"32" 56456 0 NA NA NA NA NA NA
"33" 56464 0 NA NA NA NA NA NA
"34" 56513 1 54 80.3 36.6 127.7 16.5667351129363 18.6305921442981
"35" 56514 0 NA NA NA NA NA NA
"36" 56467 0 104.6 101.98 57.8 180.7 16.6570841889117 24.8040943744824
"37" 56635 0 89.4 85.1735765461111 35.7991631799163 138.852739726027 16.6379192334018 19.6982738316997
"38" 56573 1 179.2 141.06 24.4 201.3 17.0102669404517 26.0165680473373
"39" 56597 0 NA NA NA NA NA NA
"40" 56543 0 57.9274611398964 104.910200846939 53.5337186897881 170.029411764706 17.6043805612594 23.6343499070448
"41" 56591 0 41.2 75.06 44.7 128 16.6379192334018 27.8447316807838
"42" 56584 0 60.9 65.52 39.1 116.8 16.6269678302532 20.1300241185196
"43" 56546 0 84.3 117.34 49.7 183.9 16.8569472963723 23.1099744904533
"44" 56554 0 72.070652173913 81.8371906389862 39.5438596491228 135.795180722892 17.0951403148528 19.7194838834122
"45" 56595 1 89.4 76.92 46 140.8 16.5667351129363 25.6566571098033
"46" 56692 0 NA NA NA NA NA NA
"47" 56731 0 54.3 51.04 61.7 123.6 16.5119780971937 23.0055588942308
"48" 56726 1 46.9 113.11382977223 39.8854805725971 162.379310344828 16.517453798768 22.4398437636368
"49" 56728 1 80.2307692307692 163.129574240723 45.3415132924335 224.51724137931 16.4818617385353 22.5527960181251
"50" 56682 1 57.2512315270936 82.8599464844144 34.2325581395349 128.542750929368 16.5503080082136 21.9911501597084
"51" 56690 0 272.054726368159 135.355861022184 28.5653104925054 218.332116788321 16.6269678302532 33.3383723859914
"52" 56667 0 50.3444560016642 149.386528022571 27.8445807770961 187.3 16.7091033538672 27.6134576460863
"53" 56740 0 85.686623673809 103.748155837835 52.1145194274029 173 16.7227926078029 23.1521102653034
"54" 56780 0 138.5 87.6386926168817 57.0061349693252 172.344827586207 16.4380561259411 21.1582929298311
"55" 56777 0 76.1195652173913 142.436940898606 50.640350877193 208.301204819277 16.7310061601643 22.1644621212423
"56" 56746 0 NA NA NA NA NA NA
"57" 56779 1 51.5769230769231 140.373776938808 36.3108384458078 187 16.4161533196441 21.2295659023454
